Coursework Four Results by:

* tjh08 - Thomas Hope
* jzy08 - Jason Ye

The Mean vector of the HepatitisC data set:

::

  1.164  3.916  0.448  5.679  4.865  3.778  4.127  3.604  0.217


The Covariance matrix of the HepatitisC data set:

::

  5.880  0.245 -0.004 -0.284 -0.346 -0.417 -0.481 -0.267 -0.067
  0.245  7.572  0.073 -0.358 -0.346  0.257  2.273  0.946 -0.032
 -0.004  0.073  0.247 -0.116 -0.039 -0.003  0.100  0.066 -0.005
 -0.284 -0.358 -0.116 16.960  7.969  4.443 -1.036 -0.306  0.047
 -0.346 -0.346 -0.039  7.969  8.361  4.921 -0.763 -0.752 -0.001
 -0.417  0.257 -0.003  4.443  4.921  6.683 -0.087 -0.376 -0.141
 -0.481  2.273  0.100 -1.036 -0.763 -0.087 20.583  1.122  0.014
 -0.267  0.946  0.066 -0.306 -0.752 -0.376  1.122  4.317  0.119
 -0.067 -0.032 -0.005  0.047 -0.001 -0.141  0.014  0.119  0.170



The Eigenface images of the Priciple Components:

.. image:: PrincipalComponent0.jpg
   :scale: 50%

.. image:: PrincipalComponent1.jpg
   :scale: 50%

.. image:: PrincipalComponent2.jpg
   :scale: 50%

.. image:: PrincipalComponent3.jpg
   :scale: 50%

.. image:: PrincipalComponent4.jpg
   :scale: 50%

.. image:: PrincipalComponent5.jpg
   :scale: 50%

.. image:: PrincipalComponent6.jpg
   :scale: 50%

.. image:: PrincipalComponent7.jpg
   :scale: 50%

.. image:: PrincipalComponent8.jpg
   :scale: 50%

.. image:: PrincipalComponent9.jpg
   :scale: 50%

The magnitudes of 'c.pgm' from given basis:

::

 1206.254 -1590.133 -248.136 -821.249 246.009 -771.900 963.633 376.967 161.599 -533.276


The Partial Reconstructions of image 'c.pgm':

.. image:: PartialReconstruction0.jpg
   :scale: 50%

.. image:: PartialReconstruction1.jpg
   :scale: 50%

.. image:: PartialReconstruction2.jpg
   :scale: 50%

.. image:: PartialReconstruction3.jpg
   :scale: 50%

.. image:: PartialReconstruction4.jpg
   :scale: 50%

.. image:: PartialReconstruction5.jpg
   :scale: 50%

.. image:: PartialReconstruction6.jpg
   :scale: 50%

.. image:: PartialReconstruction7.jpg
   :scale: 50%

.. image:: PartialReconstruction8.jpg
   :scale: 50%

.. image:: PartialReconstruction9.jpg
   :scale: 50%

.. image:: PartialReconstruction10.jpg
   :scale: 50%

The Eigenface images of the Priciple Components:

.. image:: NewPrincComp0.jpg
   :scale: 50%

.. image:: NewPrincComp1.jpg
   :scale: 50%

.. image:: NewPrincComp2.jpg
   :scale: 50%

.. image:: NewPrincComp3.jpg
   :scale: 50%

.. image:: NewPrincComp4.jpg
   :scale: 50%

.. image:: NewPrincComp5.jpg
   :scale: 50%

The magnitudes of 'c.pgm' from given basis:

::

 828.928 -941.699 1887.013 -410.837 -1537.080 -1110.709

The Partial Reconstructions of image 'c.pgm':

.. image:: NewPartRecon0.jpg
   :scale: 50%

.. image:: NewPartRecon1.jpg
   :scale: 50%

.. image:: NewPartRecon2.jpg
   :scale: 50%

.. image:: NewPartRecon3.jpg
   :scale: 50%

.. image:: NewPartRecon4.jpg
   :scale: 50%

.. image:: NewPartRecon5.jpg
   :scale: 50%

.. image:: NewPartRecon6.jpg
   :scale: 50%

